idx: 0
10000
01000
00100
00010
00001
idx: 1
10000
01000
00100
00001
00011
idx: 2
10000
00100
01100
00001
00011
idx: 3
10000
01000
00010
00101
00011
idx: 4
01000
11000
00010
00101
00011
idx: 5
10000
00100
01010
00101
00011
idx: 6
01000
10100
01010
00101
00011
idx: 7
10000
01000
00001
00101
00011
idx: 8
01000
11000
00001
00101
00011
idx: 9
10000
00010
01001
00101
00011
idx: 10
00100
10010
01001
00101
00011
idx: 11
00010
10010
01001
00101
00011
idx: 12
10000
00001
01001
00101
00011
idx: 13
00010
10001
01001
00101
00011
idx: 14
00001
10001
01001
00101
00011
idx: 15
10000
01000
00010
00001
00111
idx: 16
01000
11000
00010
00001
00111
idx: 17
10000
00100
00010
01001
00111
idx: 18
01000
00100
10010
01001
00111
idx: 19
01000
10100
01010
01001
00111
idx: 20
11000
10100
01010
01001
00111
idx: 21
10000
01100
01010
01001
00111
idx: 22
10000
00010
00001
01001
00111
idx: 23
11000
10010
00001
01001
00111
idx: 24
00100
10010
00001
01001
00111
idx: 25
00010
10010
00001
01001
00111
idx: 26
10000
01010
00001
01001
00111
idx: 27
01000
00010
10001
01001
00111
idx: 28
00100
00010
10001
01001
00111
idx: 29
01000
01010
10001
01001
00111
idx: 30
10100
01010
10001
01001
00111
idx: 31
01100
01010
10001
01001
00111
idx: 32
00010
01010
10001
01001
00111
idx: 33
00010
00001
10001
01001
00111
idx: 34
01010
00001
10001
01001
00111
idx: 35
01000
00100
00010
11001
00111
idx: 36
10000
00010
01010
11001
00111
idx: 37
00100
00010
01010
11001
00111
idx: 38
01000
10010
01010
11001
00111
idx: 39
00100
10010
01010
11001
00111
idx: 40
00010
10010
01010
11001
00111
idx: 41
01000
00010
00001
11001
00111
idx: 42
00100
01010
00001
11001
00111
idx: 43
00010
01010
00001
11001
00111
idx: 44
10000
01000
00001
00011
00111
idx: 45
01000
11000
00001
00011
00111
idx: 46
01000
10100
01001
00011
00111
idx: 47
11000
10100
01001
00011
00111
idx: 48
10000
01100
01001
00011
00111
idx: 49
01000
11100
01001
00011
00111
idx: 50
10000
00010
01001
00011
00111
idx: 51
01000
10010
01001
00011
00111
idx: 52
01100
10010
01001
00011
00111
idx: 53
10000
00001
01001
00011
00111
idx: 54
01000
10001
01001
00011
00111
idx: 55
01100
10001
01001
00011
00111
idx: 56
00010
10001
01001
00011
00111
idx: 57
00001
10001
01001
00011
00111
idx: 58
11000
01100
11001
00011
00111
idx: 59
10100
01100
11001
00011
00111
idx: 60
01000
00010
11001
00011
00111
idx: 61
01100
00010
11001
00011
00111
idx: 62
01000
01010
11001
00011
00111
idx: 63
11000
01010
11001
00011
00111
idx: 64
01100
01010
11001
00011
00111
idx: 65
00010
01010
11001
00011
00111
idx: 66
10010
01010
11001
00011
00111
idx: 67
01000
00001
11001
00011
00111
idx: 68
01100
00001
11001
00011
00111
idx: 69
01010
00001
11001
00011
00111
idx: 70
00010
01001
11001
00011
00111
idx: 71
10010
01001
11001
00011
00111
idx: 72
00001
01001
11001
00011
00111
idx: 73
10000
01000
00101
00011
00111
idx: 74
01000
11000
00101
00011
00111
idx: 75
10000
00100
00001
01011
00111
idx: 76
01000
10100
00001
01011
00111
idx: 77
00100
10100
00001
01011
00111
idx: 78
00100
11100
00001
01011
00111
idx: 79
10100
11100
00001
01011
00111
idx: 80
10000
00010
00001
01011
00111
idx: 81
01000
10100
10001
01011
00111
idx: 82
00100
10100
10001
01011
00111
idx: 83
00100
11100
10001
01011
00111
idx: 84
10100
11100
10001
01011
00111
idx: 85
00100
00010
10001
01011
00111
idx: 86
11100
00010
10001
01011
00111
idx: 87
10100
10010
10001
01011
00111
idx: 88
11100
10010
10001
01011
00111
idx: 89
00100
00001
10001
01011
00111
idx: 90
10100
00001
10001
01011
00111
idx: 91
00010
00001
10001
01011
00111
idx: 92
10010
00001
10001
01011
00111
idx: 93
10000
00100
00101
01011
00111
idx: 94
01000
10100
00101
01011
00111
idx: 95
00100
10100
00101
01011
00111
idx: 96
01000
11100
00101
01011
00111
idx: 97
11000
11100
00101
01011
00111
idx: 98
00100
11100
00101
01011
00111
idx: 99
10100
11100
00101
01011
00111
idx: 100
01000
10010
00101
01011
00111
idx: 101
11000
10010
00101
01011
00111
idx: 102
00100
10010
00101
01011
00111
idx: 103
10100
10010
00101
01011
00111
idx: 104
10000
01010
00101
01011
00111
idx: 105
10000
00110
00101
01011
00111
idx: 106
10000
00001
00101
01011
00111
idx: 107
01000
10001
00101
01011
00111
idx: 108
00100
10001
00101
01011
00111
idx: 109
11100
10001
00101
01011
00111
idx: 110
10010
10001
00101
01011
00111
idx: 111
01010
10001
00101
01011
00111
idx: 112
00110
10001
00101
01011
00111
idx: 113
00001
10001
00101
01011
00111
idx: 114
01000
00010
10101
01011
00111
idx: 115
11000
00010
10101
01011
00111
idx: 116
00100
00010
10101
01011
00111
idx: 117
01000
01010
10101
01011
00111
idx: 118
00100
01010
10101
01011
00111
idx: 119
00010
01010
10101
01011
00111
idx: 120
10100
11010
10101
01011
00111
idx: 121
11100
11010
10101
01011
00111
idx: 122
01000
00110
10101
01011
00111
idx: 123
00010
00110
10101
01011
00111
idx: 124
01000
00001
10101
01011
00111
idx: 125
00010
00001
10101
01011
00111
idx: 126
11010
00001
10101
01011
00111
idx: 127
01000
01001
10101
01011
00111
idx: 128
11000
01001
10101
01011
00111
idx: 129
00100
01001
10101
01011
00111
idx: 130
10100
01001
10101
01011
00111
idx: 131
01010
01001
10101
01011
00111
idx: 132
11010
01001
10101
01011
00111
idx: 133
00110
01001
10101
01011
00111
idx: 134
00001
01001
10101
01011
00111
idx: 135
10001
01001
10101
01011
00111
idx: 136
10000
00010
01101
01011
00111
idx: 137
00100
10010
01101
01011
00111
idx: 138
00010
10010
01101
01011
00111
idx: 139
01000
10110
01101
01011
00111
idx: 140
11000
10110
01101
01011
00111
idx: 141
00010
10110
01101
01011
00111
idx: 142
10010
10110
01101
01011
00111
idx: 143
10000
01110
01101
01011
00111
idx: 144
00010
10001
01101
01011
00111
idx: 145
10010
10001
01101
01011
00111
idx: 146
01110
10001
01101
01011
00111
idx: 147
10000
00001
00011
01011
00111
idx: 148
10100
10001
00011
01011
00111
idx: 149
11100
10001
00011
01011
00111
idx: 150
00010
10001
00011
01011
00111
idx: 151
00001
10001
00011
01011
00111
idx: 152
10000
00101
00011
01011
00111
idx: 153
11000
10101
00011
01011
00111
idx: 154
10100
10101
00011
01011
00111
idx: 155
11100
10101
00011
01011
00111
idx: 156
00010
10101
00011
01011
00111
idx: 157
01010
10101
00011
01011
00111
idx: 158
00110
10101
00011
01011
00111
idx: 159
00001
10101
00011
01011
00111
idx: 160
01001
10101
00011
01011
00111
idx: 161
00101
10101
00011
01011
00111
idx: 162
10000
01101
00011
01011
00111
idx: 163
00100
00001
10011
01011
00111
idx: 164
11100
00001
10011
01011
00111
idx: 165
00010
00001
10011
01011
00111
idx: 166
01000
00101
10011
01011
00111
idx: 167
00100
00101
10011
01011
00111
idx: 168
11100
00101
10011
01011
00111
idx: 169
01010
00101
10011
01011
00111
idx: 170
00110
00101
10011
01011
00111
idx: 171
00001
00101
10011
01011
00111
idx: 172
00100
01101
10011
01011
00111
idx: 173
11100
01101
10011
01011
00111
idx: 174
00010
01101
10011
01011
00111
idx: 175
10110
01101
10011
01011
00111
idx: 176
01110
01101
10011
01011
00111
idx: 177
10001
01101
10011
01011
00111
idx: 178
00101
01101
10011
01011
00111
idx: 179
00001
00011
10011
01011
00111
idx: 180
00101
00011
10011
01011
00111
idx: 181
01101
00011
10011
01011
00111
idx: 182
10000
00100
00010
00001
01111
idx: 183
01000
00100
00010
10001
01111
idx: 184
01000
10100
10010
10001
01111
idx: 185
00100
00010
00001
10001
01111
idx: 186
00100
10010
00001
10001
01111
idx: 187
10100
10010
00001
10001
01111
idx: 188
10000
00100
00001
00011
01111
idx: 189
01000
10100
00001
00011
01111
idx: 190
00100
10100
00001
00011
01111
idx: 191
01000
10100
10001
00011
01111
idx: 192
00100
10100
10001
00011
01111
idx: 193
00100
00010
10001
00011
01111
idx: 194
10100
00010
10001
00011
01111
idx: 195
00100
00001
10001
00011
01111
idx: 196
10100
00001
10001
00011
01111
idx: 197
10000
00010
00101
00011
01111
idx: 198
01000
10010
00101
00011
01111
idx: 199
00100
10010
00101
00011
01111
idx: 200
00010
10010
00101
00011
01111
idx: 201
10000
00001
00101
00011
01111
idx: 202
01000
10001
00101
00011
01111
idx: 203
00010
10001
00101
00011
01111
idx: 204
00001
10001
00101
00011
01111
idx: 205
01000
00100
00001
10011
01111
idx: 206
11000
10100
00001
10011
01111
idx: 207
00100
10100
00001
10011
01111
idx: 208
00100
01100
00001
10011
01111
idx: 209
10100
01100
00001
10011
01111
idx: 210
00100
00010
00001
10011
01111
idx: 211
10100
00010
00001
10011
01111
idx: 212
01000
00100
10001
10011
01111
idx: 213
11000
10100
10001
10011
01111
idx: 214
00100
10100
10001
10011
01111
idx: 215
00100
01100
10001
10011
01111
idx: 216
10100
01100
10001
10011
01111
idx: 217
00100
10010
10001
10011
01111
idx: 218
10100
10010
10001
10011
01111
idx: 219
00100
00001
10001
10011
01111
idx: 220
10100
00001
10001
10011
01111
idx: 221
10000
00100
00101
10011
01111
idx: 222
01000
00100
00101
10011
01111
idx: 223
10000
10100
00101
10011
01111
idx: 224
11000
10100
00101
10011
01111
idx: 225
00100
10100
00101
10011
01111
idx: 226
01000
01100
00101
10011
01111
idx: 227
11000
01100
00101
10011
01111
idx: 228
00100
01100
00101
10011
01111
idx: 229
10100
01100
00101
10011
01111
idx: 230
11000
00010
00101
10011
01111
idx: 231
00100
00010
00101
10011
01111
idx: 232
01100
00010
00101
10011
01111
idx: 233
01000
10010
00101
10011
01111
idx: 234
10100
10010
00101
10011
01111
idx: 235
01100
10010
00101
10011
01111
idx: 236
00010
10010
00101
10011
01111
idx: 237
01000
00110
00101
10011
01111
idx: 238
11000
00110
00101
10011
01111
idx: 239
00100
00110
00101
10011
01111
idx: 240
10100
00110
00101
10011
01111
idx: 241
01000
00001
00101
10011
01111
idx: 242
10100
00001
00101
10011
01111
idx: 243
01100
00001
00101
10011
01111
idx: 244
00010
00001
00101
10011
01111
idx: 245
00110
00001
00101
10011
01111
idx: 246
11000
10001
00101
10011
01111
idx: 247
00100
10001
00101
10011
01111
idx: 248
01100
10001
00101
10011
01111
idx: 249
10010
10001
00101
10011
01111
idx: 250
00110
10001
00101
10011
01111
idx: 251
00001
10001
00101
10011
01111
idx: 252
00100
01001
00101
10011
01111
idx: 253
10100
01001
00101
10011
01111
idx: 254
00010
01001
00101
10011
01111
idx: 255
10010
01001
00101
10011
01111
idx: 256
00001
01001
00101
10011
01111
idx: 257
10001
01001
00101
10011
01111
idx: 258
01000
00010
10101
10011
01111
idx: 259
11000
10010
10101
10011
01111
idx: 260
00100
10010
10101
10011
01111
idx: 261
00010
10010
10101
10011
01111
idx: 262
01000
01010
10101
10011
01111
idx: 263
11000
01010
10101
10011
01111
idx: 264
00100
01010
10101
10011
01111
idx: 265
10100
01010
10101
10011
01111
idx: 266
00010
01010
10101
10011
01111
idx: 267
10010
01010
10101
10011
01111
idx: 268
01000
10110
10101
10011
01111
idx: 269
11000
10110
10101
10011
01111
idx: 270
11000
00001
10101
10011
01111
idx: 271
00010
00001
10101
10011
01111
idx: 272
01010
00001
10101
10011
01111
idx: 273
10110
00001
10101
10011
01111
idx: 274
01000
10001
10101
10011
01111
idx: 275
10010
10001
10101
10011
01111
idx: 276
01010
10001
10101
10011
01111
idx: 277
10110
10001
10101
10011
01111
idx: 278
00001
10001
10101
10011
01111
idx: 279
00010
11001
10101
10011
01111
idx: 280
10010
11001
10101
10011
01111
idx: 281
00001
11001
10101
10011
01111
idx: 282
10001
11001
10101
10011
01111
idx: 283
00100
00001
00011
10011
01111
idx: 284
10100
00001
00011
10011
01111
idx: 285
00100
10001
00011
10011
01111
idx: 286
10100
10001
00011
10011
01111
idx: 287
01000
00101
00011
10011
01111
idx: 288
11000
00101
00011
10011
01111
idx: 289
00100
00101
00011
10011
01111
idx: 290
10100
00101
00011
10011
01111
idx: 291
00010
00101
00011
10011
01111
idx: 292
10010
00101
00011
10011
01111
idx: 293
00001
00101
00011
10011
01111
idx: 294
10001
00101
00011
10011
01111
idx: 295
01000
10101
00011
10011
01111
idx: 296
11000
10101
00011
10011
01111
idx: 297
00100
10101
00011
10011
01111
idx: 298
10100
10101
00011
10011
01111
idx: 299
00010
10101
00011
10011
01111
idx: 300
10010
10101
00011
10011
01111
idx: 301
00001
10101
00011
10011
01111
idx: 302
10001
10101
00011
10011
01111
idx: 303
10000
00010
00001
00111
01111
idx: 304
11000
00010
10001
00111
01111
idx: 305
00100
00010
10001
00111
01111
idx: 306
11000
10010
10001
00111
01111
idx: 307
10100
10010
10001
00111
01111
idx: 308
00010
00001
10001
00111
01111
idx: 309
10010
00001
10001
00111
01111
idx: 310
10000
00010
01001
00111
01111
idx: 311
11000
10010
01001
00111
01111
idx: 312
00100
10010
01001
00111
01111
idx: 313
00010
10010
01001
00111
01111
idx: 314
10000
01010
01001
00111
01111
idx: 315
00010
10001
01001
00111
01111
idx: 316
10010
10001
01001
00111
01111
idx: 317
01010
10001
01001
00111
01111
idx: 318
11000
00010
11001
00111
01111
idx: 319
00100
00010
11001
00111
01111
idx: 320
11000
10010
11001
00111
01111
idx: 321
10100
10010
11001
00111
01111
idx: 322
00010
10010
11001
00111
01111
idx: 323
11000
01010
11001
00111
01111
idx: 324
00100
01010
11001
00111
01111
idx: 325
01100
01010
11001
00111
01111
idx: 326
10010
01010
11001
00111
01111
idx: 327
11000
11010
11001
00111
01111
idx: 328
10100
11010
11001
00111
01111
idx: 329
11100
11010
11001
00111
01111
idx: 330
00010
00001
11001
00111
01111
idx: 331
10010
00001
11001
00111
01111
idx: 332
01010
00001
11001
00111
01111
idx: 333
11010
00001
11001
00111
01111
idx: 334
00010
01001
11001
00111
01111
idx: 335
10010
01001
11001
00111
01111
idx: 336
01010
01001
11001
00111
01111
idx: 337
11010
01001
11001
00111
01111
idx: 338
10000
00001
00011
00111
01111
idx: 339
11000
10001
00011
00111
01111
idx: 340
10100
10001
00011
00111
01111
idx: 341
11100
10001
00011
00111
01111
idx: 342
00010
10001
00011
00111
01111
idx: 343
00001
10001
00011
00111
01111
idx: 344
10000
01001
00011
00111
01111
idx: 345
11000
11001
00011
00111
01111
idx: 346
10100
11001
00011
00111
01111
idx: 347
11100
11001
00011
00111
01111
idx: 348
00010
11001
00011
00111
01111
idx: 349
01010
11001
00011
00111
01111
idx: 350
00001
11001
00011
00111
01111
idx: 351
01001
11001
00011
00111
01111
idx: 352
10000
00101
00011
00111
01111
idx: 353
11000
00001
10011
00111
01111
idx: 354
00100
00001
10011
00111
01111
idx: 355
01100
00001
10011
00111
01111
idx: 356
00010
00001
10011
00111
01111
idx: 357
11000
10001
10011
00111
01111
idx: 358
00100
10001
10011
00111
01111
idx: 359
01100
10001
10011
00111
01111
idx: 360
10010
10001
10011
00111
01111
idx: 361
00001
10001
10011
00111
01111
idx: 362
11000
01001
10011
00111
01111
idx: 363
00100
01001
10011
00111
01111
idx: 364
01100
01001
10011
00111
01111
idx: 365
00010
01001
10011
00111
01111
idx: 366
01010
01001
10011
00111
01111
idx: 367
10001
01001
10011
00111
01111
idx: 368
11000
11001
10011
00111
01111
idx: 369
00100
11001
10011
00111
01111
idx: 370
01100
11001
10011
00111
01111
idx: 371
10010
11001
10011
00111
01111
idx: 372
11010
11001
10011
00111
01111
idx: 373
00001
11001
10011
00111
01111
idx: 374
01001
11001
10011
00111
01111
idx: 375
11000
00101
10011
00111
01111
idx: 376
00100
00101
10011
00111
01111
idx: 377
01100
00101
10011
00111
01111
idx: 378
10010
00101
10011
00111
01111
idx: 379
11010
00101
10011
00111
01111
idx: 380
00110
00101
10011
00111
01111
idx: 381
00001
00101
10011
00111
01111
idx: 382
01001
00101
10011
00111
01111
idx: 383
11000
10101
10011
00111
01111
idx: 384
00010
10101
10011
00111
01111
idx: 385
01010
10101
10011
00111
01111
idx: 386
10110
10101
10011
00111
01111
idx: 387
10001
10101
10011
00111
01111
idx: 388
11001
10101
10011
00111
01111
idx: 389
00001
00011
10011
00111
01111
idx: 390
10001
00011
10011
00111
01111
idx: 391
01001
00011
10011
00111
01111
idx: 392
11001
00011
10011
00111
01111
idx: 393
00101
00011
10011
00111
01111
idx: 394
10101
00011
10011
00111
01111
idx: 395
10000
00001
01011
00111
01111
idx: 396
10100
10001
01011
00111
01111
idx: 397
11100
10001
01011
00111
01111
idx: 398
00010
10001
01011
00111
01111
idx: 399
00001
10001
01011
00111
01111
idx: 400
10000
00101
01011
00111
01111
idx: 401
11000
10101
01011
00111
01111
idx: 402
10100
10101
01011
00111
01111
idx: 403
11100
10101
01011
00111
01111
idx: 404
00010
10101
01011
00111
01111
idx: 405
01010
10101
01011
00111
01111
idx: 406
00110
10101
01011
00111
01111
idx: 407
00001
10101
01011
00111
01111
idx: 408
01001
10101
01011
00111
01111
idx: 409
00101
10101
01011
00111
01111
idx: 410
10000
01101
01011
00111
01111
idx: 411
00001
10011
01011
00111
01111
idx: 412
10001
10011
01011
00111
01111
idx: 413
00101
10011
01011
00111
01111
idx: 414
10101
10011
01011
00111
01111
idx: 415
01101
10011
01011
00111
01111
idx: 416
01000
00010
00001
10111
01111
idx: 417
00100
00010
00001
10111
01111
idx: 418
01000
00010
01001
10111
01111
idx: 419
01000
10010
01001
10111
01111
idx: 420
00100
10010
01001
10111
01111
idx: 421
01000
01010
01001
10111
01111
idx: 422
00100
01010
01001
10111
01111
idx: 423
00010
00001
01001
10111
01111
idx: 424
10010
00001
01001
10111
01111
idx: 425
01010
00001
01001
10111
01111
idx: 426
01000
00010
11001
10111
01111
idx: 427
00100
00010
11001
10111
01111
idx: 428
01000
01010
11001
10111
01111
idx: 429
10100
01010
11001
10111
01111
idx: 430
01100
01010
11001
10111
01111
idx: 431
00010
01010
11001
10111
01111
idx: 432
01000
11010
11001
10111
01111
idx: 433
00100
11010
11001
10111
01111
idx: 434
11100
11010
11001
10111
01111
idx: 435
00010
01001
11001
10111
01111
idx: 436
10010
01001
11001
10111
01111
idx: 437
01010
01001
11001
10111
01111
idx: 438
11010
01001
11001
10111
01111
idx: 439
01000
00001
00011
10111
01111
idx: 440
00100
00001
00011
10111
01111
idx: 441
11100
00001
00011
10111
01111
idx: 442
01000
01001
00011
10111
01111
idx: 443
00100
01001
00011
10111
01111
idx: 444
11100
01001
00011
10111
01111
idx: 445
00010
01001
00011
10111
01111
idx: 446
00001
01001
00011
10111
01111
idx: 447
01000
11001
00011
10111
01111
idx: 448
00100
11001
00011
10111
01111
idx: 449
11100
11001
00011
10111
01111
idx: 450
01010
11001
00011
10111
01111
idx: 451
01001
11001
00011
10111
01111
idx: 452
01000
00101
00011
10111
01111
idx: 453
00010
00101
00011
10111
01111
idx: 454
11010
00101
00011
10111
01111
idx: 455
00001
00101
00011
10111
01111
idx: 456
11001
00101
00011
10111
01111
idx: 457
01000
00001
01011
10111
01111
idx: 458
10100
00001
01011
10111
01111
idx: 459
01100
00001
01011
10111
01111
idx: 460
00010
00001
01011
10111
01111
idx: 461
01000
10001
01011
10111
01111
idx: 462
10100
10001
01011
10111
01111
idx: 463
01100
10001
01011
10111
01111
idx: 464
10010
10001
01011
10111
01111
idx: 465
00001
10001
01011
10111
01111
idx: 466
10000
01001
01011
10111
01111
idx: 467
01000
01001
01011
10111
01111
idx: 468
10100
01001
01011
10111
01111
idx: 469
01100
01001
01011
10111
01111
idx: 470
10010
01001
01011
10111
01111
idx: 471
01010
01001
01011
10111
01111
idx: 472
00001
01001
01011
10111
01111
idx: 473
10000
11001
01011
10111
01111
idx: 474
01000
11001
01011
10111
01111
idx: 475
10100
11001
01011
10111
01111
idx: 476
01100
11001
01011
10111
01111
idx: 477
00010
11001
01011
10111
01111
idx: 478
11010
11001
01011
10111
01111
idx: 479
10001
11001
01011
10111
01111
idx: 480
01001
11001
01011
10111
01111
idx: 481
01000
00101
01011
10111
01111
idx: 482
10100
00101
01011
10111
01111
idx: 483
01100
00101
01011
10111
01111
idx: 484
00010
00101
01011
10111
01111
idx: 485
11010
00101
01011
10111
01111
idx: 486
00110
00101
01011
10111
01111
idx: 487
10001
00101
01011
10111
01111
idx: 488
01001
00101
01011
10111
01111
idx: 489
01000
10101
01011
10111
01111
idx: 490
10010
10101
01011
10111
01111
idx: 491
01010
10101
01011
10111
01111
idx: 492
00001
10101
01011
10111
01111
idx: 493
11001
10101
01011
10111
01111
idx: 494
01000
01101
01011
10111
01111
idx: 495
10010
01101
01011
10111
01111
idx: 496
01010
01101
01011
10111
01111
idx: 497
10110
01101
01011
10111
01111
idx: 498
01110
01101
01011
10111
01111
idx: 499
00001
01101
01011
10111
01111
idx: 500
11001
01101
01011
10111
01111
idx: 501
00001
00011
01011
10111
01111
idx: 502
10001
00011
01011
10111
01111
idx: 503
01001
00011
01011
10111
01111
idx: 504
11001
00011
01011
10111
01111
idx: 505
00101
00011
01011
10111
01111
idx: 506
10101
00011
01011
10111
01111
idx: 507
01101
00011
01011
10111
01111
idx: 508
00100
00001
11011
10111
01111
idx: 509
11100
00001
11011
10111
01111
idx: 510
01000
00101
11011
10111
01111
idx: 511
00100
00101
11011
10111
01111
idx: 512
11100
00101
11011
10111
01111
idx: 513
00010
00101
11011
10111
01111
idx: 514
00001
00101
11011
10111
01111
idx: 515
00100
01101
11011
10111
01111
idx: 516
11100
01101
11011
10111
01111
idx: 517
10010
01101
11011
10111
01111
idx: 518
00110
01101
11011
10111
01111
idx: 519
10001
01101
11011
10111
01111
idx: 520
00101
01101
11011
10111
01111
idx: 521
00010
11101
11011
10111
01111
idx: 522
01110
11101
11011
10111
01111
idx: 523
00001
11101
11011
10111
01111
idx: 524
00010
00001
00111
10111
01111
idx: 525
00010
01001
00111
10111
01111
idx: 526
10010
01001
00111
10111
01111
idx: 527
01010
01001
00111
10111
01111
idx: 528
00010
11001
00111
10111
01111
idx: 529
01010
11001
00111
10111
01111
idx: 530
11010
11001
00111
10111
01111
idx: 531
00001
00011
00111
10111
01111
idx: 532
01001
00011
00111
10111
01111
idx: 533
11001
00011
00111
10111
01111
idx: 534
00101
00011
00111
10111
01111
idx: 535
00001
01011
00111
10111
01111
idx: 536
10001
01011
00111
10111
01111
idx: 537
01001
01011
00111
10111
01111
idx: 538
11001
01011
00111
10111
01111
idx: 539
00101
01011
00111
10111
01111
idx: 540
10101
01011
00111
10111
01111
idx: 541
01101
01011
00111
10111
01111
idx: 542
00001
11011
00111
10111
01111
idx: 543
01001
11011
00111
10111
01111
idx: 544
11001
11011
00111
10111
01111
idx: 545
00101
11011
00111
10111
01111
idx: 546
01101
11011
00111
10111
01111
idx: 547
11101
11011
00111
10111
01111
idx: 548
01000
00100
00010
00001
11111
idx: 549
01000
00100
00001
00011
11111
idx: 550
00100
01100
00001
00011
11111
idx: 551
01000
00010
00101
00011
11111
idx: 552
00100
01010
00101
00011
11111
idx: 553
10100
01010
00101
00011
11111
idx: 554
01000
00001
00101
00011
11111
idx: 555
01010
00001
00101
00011
11111
idx: 556
00010
01001
00101
00011
11111
idx: 557
10010
01001
00101
00011
11111
idx: 558
00001
01001
00101
00011
11111
idx: 559
10001
01001
00101
00011
11111
idx: 560
01000
00010
00001
00111
11111
idx: 561
01000
00010
01001
00111
11111
idx: 562
00100
00010
01001
00111
11111
idx: 563
01000
10010
01001
00111
11111
idx: 564
01000
01010
01001
00111
11111
idx: 565
10100
01010
01001
00111
11111
idx: 566
01100
01010
01001
00111
11111
idx: 567
00010
00001
01001
00111
11111
idx: 568
10010
00001
01001
00111
11111
idx: 569
01010
00001
01001
00111
11111
idx: 570
01000
00010
11001
00111
11111
idx: 571
00100
01010
11001
00111
11111
idx: 572
00010
01010
11001
00111
11111
idx: 573
01000
00001
00011
00111
11111
idx: 574
01100
00001
00011
00111
11111
idx: 575
01000
01001
00011
00111
11111
idx: 576
10100
01001
00011
00111
11111
idx: 577
01100
01001
00011
00111
11111
idx: 578
00010
01001
00011
00111
11111
idx: 579
00001
01001
00011
00111
11111
idx: 580
01000
11001
00011
00111
11111
idx: 581
01100
11001
00011
00111
11111
idx: 582
01010
11001
00011
00111
11111
idx: 583
01001
11001
00011
00111
11111
idx: 584
01000
00101
00011
00111
11111
idx: 585
01010
00101
00011
00111
11111
idx: 586
01001
00101
00011
00111
11111
idx: 587
00100
00001
01011
00111
11111
idx: 588
11100
00001
01011
00111
11111
idx: 589
00010
00001
01011
00111
11111
idx: 590
00100
10001
01011
00111
11111
idx: 591
11100
10001
01011
00111
11111
idx: 592
10010
10001
01011
00111
11111
idx: 593
00001
10001
01011
00111
11111
idx: 594
01000
00101
01011
00111
11111
idx: 595
00100
00101
01011
00111
11111
idx: 596
11100
00101
01011
00111
11111
idx: 597
10010
00101
01011
00111
11111
idx: 598
01010
00101
01011
00111
11111
idx: 599
00110
00101
01011
00111
11111
idx: 600
00001
00101
01011
00111
11111
idx: 601
01000
10101
01011
00111
11111
idx: 602
00010
10101
01011
00111
11111
idx: 603
11010
10101
01011
00111
11111
idx: 604
01001
10101
01011
00111
11111
idx: 605
00010
01101
01011
00111
11111
idx: 606
10110
01101
01011
00111
11111
idx: 607
01110
01101
01011
00111
11111
idx: 608
10001
01101
01011
00111
11111
idx: 609
00001
00011
01011
00111
11111
idx: 610
10001
00011
01011
00111
11111
idx: 611
00101
00011
01011
00111
11111
idx: 612
10101
00011
01011
00111
11111
idx: 613
01101
00011
01011
00111
11111
idx: 614
00100
00010
00001
01111
11111
idx: 615
00100
00010
10001
01111
11111
idx: 616
00100
10010
10001
01111
11111
idx: 617
10100
10010
10001
01111
11111
idx: 618
00100
00001
00011
01111
11111
idx: 619
10100
00001
00011
01111
11111
idx: 620
00100
10001
00011
01111
11111
idx: 621
10100
10001
00011
01111
11111
idx: 622
01000
00101
00011
01111
11111
idx: 623
11000
00101
00011
01111
11111
idx: 624
00010
00101
00011
01111
11111
idx: 625
10010
00101
00011
01111
11111
idx: 626
00001
00101
00011
01111
11111
idx: 627
10001
00101
00011
01111
11111
idx: 628
00100
00001
10011
01111
11111
idx: 629
10100
00001
10011
01111
11111
idx: 630
00100
10001
10011
01111
11111
idx: 631
10100
10001
10011
01111
11111
idx: 632
01000
00101
10011
01111
11111
idx: 633
11000
00101
10011
01111
11111
idx: 634
00100
00101
10011
01111
11111
idx: 635
10100
00101
10011
01111
11111
idx: 636
00010
00101
10011
01111
11111
idx: 637
10010
00101
10011
01111
11111
idx: 638
00001
00101
10011
01111
11111
idx: 639
10001
00101
10011
01111
11111
idx: 640
01000
10101
10011
01111
11111
idx: 641
11000
10101
10011
01111
11111
idx: 642
00010
10101
10011
01111
11111
idx: 643
10010
10101
10011
01111
11111
idx: 644
00001
10101
10011
01111
11111
idx: 645
10001
10101
10011
01111
11111
idx: 646
00010
00001
00111
01111
11111
idx: 647
00010
10001
00111
01111
11111
idx: 648
10010
10001
00111
01111
11111
idx: 649
00010
01001
00111
01111
11111
idx: 650
10010
01001
00111
01111
11111
idx: 651
01010
01001
00111
01111
11111
idx: 652
00010
11001
00111
01111
11111
idx: 653
10010
11001
00111
01111
11111
idx: 654
01010
11001
00111
01111
11111
idx: 655
11010
11001
00111
01111
11111
idx: 656
00001
00011
00111
01111
11111
idx: 657
10001
00011
00111
01111
11111
idx: 658
01001
00011
00111
01111
11111
idx: 659
11001
00011
00111
01111
11111
idx: 660
00101
00011
00111
01111
11111
idx: 661
00001
10011
00111
01111
11111
idx: 662
10001
10011
00111
01111
11111
idx: 663
01001
10011
00111
01111
11111
idx: 664
11001
10011
00111
01111
11111
idx: 665
00101
10011
00111
01111
11111
idx: 666
10101
10011
00111
01111
11111
idx: 667
00001
01011
00111
01111
11111
idx: 668
10001
01011
00111
01111
11111
idx: 669
00101
01011
00111
01111
11111
idx: 670
10101
01011
00111
01111
11111
idx: 671
01101
01011
00111
01111
11111
idx: 672
00010
00001
10111
01111
11111
idx: 673
00010
01001
10111
01111
11111
idx: 674
10010
01001
10111
01111
11111
idx: 675
01010
01001
10111
01111
11111
idx: 676
00010
11001
10111
01111
11111
idx: 677
01010
11001
10111
01111
11111
idx: 678
11010
11001
10111
01111
11111
idx: 679
00001
00011
10111
01111
11111
idx: 680
01001
00011
10111
01111
11111
idx: 681
11001
00011
10111
01111
11111
idx: 682
00101
00011
10111
01111
11111
idx: 683
00001
01011
10111
01111
11111
idx: 684
10001
01011
10111
01111
11111
idx: 685
01001
01011
10111
01111
11111
idx: 686
11001
01011
10111
01111
11111
idx: 687
00101
01011
10111
01111
11111
idx: 688
10101
01011
10111
01111
11111
idx: 689
01101
01011
10111
01111
11111
idx: 690
00001
11011
10111
01111
11111
idx: 691
00101
11011
10111
01111
11111
idx: 692
01101
11011
10111
01111
11111
idx: 693
11101
11011
10111
01111
11111
Number of normal forms: 885
Number of minimal normal forms: 694
