idx: 0
1000
0100
0010
0001
idx: 1
1000
0100
0001
0011
idx: 2
0100
1100
0001
0011
idx: 3
1000
0010
0101
0011
idx: 4
0100
1010
0101
0011
idx: 5
1000
0001
0101
0011
idx: 6
0010
1001
0101
0011
idx: 7
0001
1001
0101
0011
idx: 8
1000
0010
0001
0111
idx: 9
0100
0010
1001
0111
idx: 10
1100
1010
1001
0111
idx: 11
0010
0001
1001
0111
idx: 12
1010
0001
1001
0111
idx: 13
1000
0001
0011
0111
idx: 14
1100
1001
0011
0111
idx: 15
0010
1001
0011
0111
idx: 16
0001
1001
0011
0111
idx: 17
1000
0101
0011
0111
idx: 18
0100
0001
1011
0111
idx: 19
0010
0001
1011
0111
idx: 20
0100
0101
1011
0111
idx: 21
1010
0101
1011
0111
idx: 22
0110
0101
1011
0111
idx: 23
0001
0101
1011
0111
idx: 24
0010
1101
1011
0111
idx: 25
1110
1101
1011
0111
idx: 26
0001
0011
1011
0111
idx: 27
0101
0011
1011
0111
idx: 28
1101
0011
1011
0111
idx: 29
0100
0010
0001
1111
idx: 30
0100
0001
0011
1111
idx: 31
0010
0101
0011
1111
idx: 32
0001
0101
0011
1111
idx: 33
0010
0001
0111
1111
idx: 34
0010
1001
0111
1111
idx: 35
1010
1001
0111
1111
idx: 36
0001
0011
0111
1111
idx: 37
1001
0011
0111
1111
idx: 38
0101
0011
0111
1111
idx: 39
0001
1011
0111
1111
idx: 40
0101
1011
0111
1111
idx: 41
1101
1011
0111
1111
Number of normal forms: 51
Number of minimal normal forms: 42
