=====================
idx: 0
1000
0100
0010
0001

1000
0100
0010
1001

1000
0100
0010
1101

1000
0100
0010
1111

1000
0100
1010
1001

1000
0100
1010
0101

1000
0100
1010
1101

1000
0100
1010
0011

1000
0100
1010
1011

1000
0100
1010
0111

1000
0100
1010
1111

1000
0100
1110
1101

1000
0100
1110
0011

1000
0100
1110
1011

1000
0100
1110
1111

1000
1100
1010
1001

1000
1100
1010
0101

1000
1100
1010
1101

1000
1100
1010
0111

1000
1100
1010
1111

1000
1100
0110
0101

1000
1100
0110
1101

1000
1100
0110
0011

1000
1100
0110
1011

1000
1100
0110
0111

1000
1100
0110
1111

1000
1100
1110
1101

1000
1100
1110
0011

1000
1100
1110
1011

1000
1100
1110
0111

1000
1100
1110
1111

=====================
idx: 1
1000
0110
0101
0111

1000
0110
0101
1111

1000
0110
1101
0111

1000
0110
1101
1111

1000
1110
1101
0111

1000
1110
1101
1111

1100
1010
1110
1001

1100
1010
1110
0101

1100
1010
1110
1101

1100
1010
1110
0111

1100
1010
1110
1111

=====================
idx: 2
1100
1010
1001
0111

1110
1101
1011
1111

=====================
idx: 3
1100
1010
0101
1011

1100
1110
1011
1111

=====================
idx: 4
1100
1010
1101
1111

=====================
idx: 5
1100
1010
0111
1111

1100
1110
1101
1011

=====================
idx: 6
1100
1110
0011
1011

